89
3
52
74
7
33
21
43
21
55
52
4
84
39
8
8
79
50
12
62
8
28
76
77
26
43
27
34
49
95
25
94
62
76
99
62
60
2
96
36
46
2
36
98
36
55
9
7
77
56
9
15
74
96
15
37
64
28
13
68
27
9
79
33
46
56
23
9
52
58
12
19
10
20
43
46
81
15
68
60
83
33
78
94
97
94
49
8
39
19
12
5
22
13
13
38
64
32
65
4
35
54
2
20
89
36
43
22
73
84
10
53
81
22
73
94
68
13
4
88
54
5
4
73
8
16
24
32
4
70
4
43
12
22
38
83
63
30
18
30
52
70
11
9
92
74
53
40
68
15
94
52
79
76
71
3
74
10
84
47
14
57
56
69
8
62
24
12
92
99
7
47
39
65
15
84
94
82
75
68
92
46
56
95
29
24
43
97
86
59
61
83
62
70
34
91
62
78
39
64
56
62
99
17
97
13
21
98
24
57
61
17
93
59
70
12
40
36
67
52
52
59
34
24
31
28
80
56
26
61
25
5
35
40
92
56
23
54
55
83
51
51
29
56
15
42
8
40
36
4
31
23
51
66
92
74
11
28
16
74
34
53
84
45
93
36
48
35
65
48
27
20
21
69
10
64
40
59
45
64
6
1
76
52
80
27
35
46
89
49
86
74
43
28
56
67
34
94
47
55
2
66
22
36
40
10
53
35
47
38
66
89
32
34
41
72
98
36
67
87
45
87
32
59
96
96
87
71
94
35
55
48
66
18
3
54
82
78
12
46
50
31
67
98
3
75
62
90
98
43
75
41
47
35
96
55
79
67
39
54
73
94
38
33
14
94
84
4
17
50
30
56
22
66
32
38
39
13
52
87
71
78
29
60
7
64
33
31
24
50
53
22
76
28
79
87
50
52
79
93
63
70
31
47
58
11
56
67
76
64
21
7
6
51
27
92
9
18
4
75
16
54
89
77
37
72
47
21
41
94
45
10
34
48
28
24
38
61
1
41
10
82
4
41
23
95
94
25
2
98
92
58
66
29
63
73
93
14
36
89
84
25
54
45
93
43
36
86
60
50
45
70
46
22
42
30
88
94
69
52
40
12
77
72
51
100
39
92
64
27
76
72
86
21
29
64
39
40
95
55
61
100
61
47
58
21
4
98
32
56
78
99
68
30
11
23
31
6
28
45
55
66
31
13
7
38
92
29
82
69
9
40
63
17
92
13
55
25
59
32
29
9
23
20
86
83
27
9
17
21
79
37
24
16
19
38
97
40
9
54
73
13
87
12
98
31
12
87
58
25
59
41
87
13
37
46
6
24
56
83
77
80
68
58
40
60
22
48
86
3
57
78
79
65
92
89
17
23
11
65
73
6
2
73
55
72
8
21
13
87
38
48
92
34
98
50
32
95
51
26
66
94
19
86
34
12
56
48
73
25
94
19
45
39
50
15
33
81
75
34
81
20
33
21
82
77
91
35
86
31
67
97
34
35
29
84
1
79
4
60
94
5
93
5
47
85
22
28
92
14
96
67
67
29
22
46
62
91
25
23
96
75
12
9
65
32
21
21
76
1
87
22
23
43
31
36
37
19
90
80
73
93
17
74
20
81
4
71
48
46
85
89
88
88
24
22
56
83
28
78
11
87
65
42
96
18
66
46
33
85
59
30
67
8
91
57
30
13
59
11
50
100
10
13
20
52
78
3
94
62
18
34
22
43
18
99
50
12
32
1
69
20
84
19
39
53
33
18
86
79
84
50
5
34
82
60
50
47
63
49
92
34
38
65
69
4
99
66
56
48
54
12
39
47
45
50
40
93
17
20
1
79
34
14
60
44
15
4
20
32
26
47
70
43
66
23
48
95
7
11
43
13
63
67
30
51
46
25
31
60
81
12
73
56
73
17
88
6
18
59
17
99
47
30
23
65
16
24
95
54
70
45
27
68
45
26
65
59
4
70
91
98
10
32
76
86
53
19
16
68
19
44
48
77
58
10
55
64
57
93
26
13
73
69
7
82
70
98
70
75
94
81
53
43
72
6
32
37
99
22
62
1
78
95
51
97
16
90
100
88
36
57
41
11
71
63
4
93
79
21
20
48
24
95
28
91
43
32
19
14
46
32
46
79
66
88
41
72
68
43
35
25
47
91
72
8
32
54
57
74
28
1
26
97
47
76
73
5
30
52
40
73
10
29
77
69
28
91
81
84
46
91
90
2
64
16